10
0 1 1 0
0 1 3 0
0 3 1 0
0 4 1 0
0 7 4 1
0 8 3 1
0 9 2 1
0 10 2 1
0 11 3 1
0 11 4 1
0 14 2 1
0 6 2 2
0 6 3 2
0 7 3 2
0 8 3 2
0 10 4 2
0 11 2 2
0 12 3 2
0 13 1 2
0 14 1 2
0 6 4 3
0 7 1 3
0 8 3 3
0 9 2 3
0 11 4 3
0 12 1 3
0 12 3 3
0 13 1 3
0 5 1 4
0 5 2 4
0 8 2 4
0 9 4 4
0 10 4 4
0 11 2 4
0 11 4 4
0 12 4 4
5 5 11 5
5 5 13 5
5 11 11 5
5 13 11 5
5 8 14 6
5 9 7 6
5 13 13 6
5 9 8 7
5 10 13 7
5 6 14 8
5 10 8 8
5 14 13 8
5 6 9 9
5 7 11 9
5 7 12 9
5 13 10 10
5 8 10 11
5 12 7 12
5 13 12 12
5 14 14 13
5 12 14 14
5 13 10 14
6 12 10 6
6 12 13 6
6 14 12 6
6 7 12 7
6 10 7 7
6 14 7 7
6 12 9 8
6 6 10 9
6 13 14 9
6 9 12 10
6 13 11 10
6 11 10 11
6 7 9 13
6 8 8 13
6 8 9 13
6 12 13 13
6 9 8 14
6 11 13 14
7 13 8 7
7 8 8 8
7 11 10 8
7 8 8 9
7 9 8 9
7 11 12 9
7 10 11 10
7 10 12 10
7 13 8 10
7 14 10 11
7 10 13 14
7 11 9 14
7 14 13 14
8 14 12 9
8 12 12 10
8 14 12 11
8 11 14 14
8 12 9 14
9 12 11 9
9 14 10 11
9 13 12 13
9 10 11 14
10 11 12 13
10 11 12 14
