9
0 1 1 0
0 1 4 0
0 2 1 0
0 2 2 0
0 7 4 1
0 8 1 1
0 9 2 1
0 10 2 1
0 10 3 1
0 10 4 1
0 5 4 2
0 7 3 2
0 9 2 2
0 12 2 2
0 13 1 2
0 13 4 2
0 5 2 3
0 7 2 3
0 7 3 3
0 8 3 3
0 9 3 3
0 11 1 3
0 11 2 3
0 13 3 3
0 5 1 4
0 5 4 4
0 6 4 4
0 8 3 4
0 11 1 4
0 12 1 4
0 12 3 4
0 13 4 4
5 12 8 5
5 5 9 6
5 8 8 6
5 9 7 6
5 13 8 6
5 6 8 7
5 8 11 7
5 11 12 7
5 13 11 7
5 6 7 8
5 8 8 8
5 10 8 8
5 10 6 9
5 9 9 10
5 5 13 11
5 11 10 11
5 6 10 12
5 10 11 12
5 12 8 12
6 8 12 6
6 6 9 7
6 10 13 7
6 10 8 8
6 13 7 8
6 9 8 9
6 9 9 9
6 11 7 9
6 8 10 10
6 12 12 10
6 13 11 10
6 7 12 11
6 11 13 11
6 13 12 11
6 9 10 12
7 11 11 7
7 12 9 7
7 13 12 7
7 11 13 9
7 13 9 9
7 12 10 10
7 10 13 12
7 8 13 13
8 12 13 11
8 13 9 12
8 11 10 13
9 10 13 9
9 10 11 10
10 12 12 11
11 13 13 12
